Scenario: Καθημερινή
	Season: Άνοιξη
		Battery: 24
[[0.         0.33304885 0.10170362 0.06401165 0.03712676 0.02541415
  0.02152969 0.01487904 0.01378802 0.01370451 0.01265685 0.01289123]
 [0.33304885 0.         0.1331435  0.07566763 0.04011689 0.02662484
  0.02181356 0.01428724 0.01314022 0.01292655 0.01170707 0.0118956 ]
 [0.10170362 0.1331435  0.         0.23811058 0.07015758 0.04070404
  0.02946618 0.0163701  0.01475108 0.01412323 0.0121824  0.01230835]
 [0.06401165 0.07566763 0.23811058 0.         0.08975042 0.04499027
  0.02934148 0.01463055 0.01303251 0.01229548 0.01034412 0.01042184]
 [0.03712676 0.04011689 0.07015758 0.08975042 0.         0.09747893
  0.03901084 0.01430397 0.01241191 0.01134009 0.0090639  0.00908189]
 [0.02541415 0.02662484 0.04070404 0.04499027 0.09747893 0.
  0.05061406 0.01306632 0.01110177 0.00989786 0.00762879 0.00761554]
 [0.02152969 0.02181356 0.02946618 0.02934148 0.03901084 0.05061406
  0.         0.01766961 0.01430397 0.01210336 0.00869102 0.00861685]
 [0.01487904 0.01428724 0.0163701  0.01463055 0.01430397 0.01306632
  0.01766961 0.         0.07819505 0.03263425 0.0142404  0.01362283]
 [0.01378802 0.01314022 0.01475108 0.01303251 0.01241191 0.01110177
  0.01430397 0.07819505 0.         0.05213004 0.01646212 0.01551489]
 [0.01370451 0.01292655 0.01412323 0.01229548 0.01134009 0.00989786
  0.01210336 0.03263425 0.05213004 0.         0.02486419 0.02255824]
 [0.01265685 0.01170707 0.0121824  0.01034412 0.0090639  0.00762879
  0.00869102 0.0142404  0.01646212 0.02486419 0.         0.19071964]
 [0.01289123 0.0118956  0.01230835 0.01042184 0.00908189 0.00761554
  0.00861685 0.01362283 0.01551489 0.02255824 0.19071964 0.        ]]

		Battery: 30
[[0.         0.26643908 0.08136289 0.05120932 0.02970141 0.02033132
  0.01722375 0.01190323 0.01103041 0.01096361 0.01012548 0.01031299]
 [0.26643908 0.         0.1065148  0.0605341  0.03209351 0.02129987
  0.01745085 0.01142979 0.01051217 0.01034124 0.00936565 0.00951648]
 [0.08136289 0.1065148  0.         0.19048847 0.05612607 0.03256323
  0.02357295 0.01309608 0.01180087 0.01129858 0.00974592 0.00984668]
 [0.05120932 0.0605341  0.19048847 0.         0.07180034 0.03599222
  0.02347319 0.01170444 0.01042601 0.00983638 0.00827529 0.00833747]
 [0.02970141 0.03209351 0.05612607 0.07180034 0.         0.07798314
  0.03120867 0.01144318 0.00992953 0.00907207 0.00725112 0.00726551]
 [0.02033132 0.02129987 0.03256323 0.03599222 0.07798314 0.
  0.04049125 0.01045306 0.00888141 0.00791829 0.00610303 0.00609243]
 [0.01722375 0.01745085 0.02357295 0.02347319 0.03120867 0.04049125
  0.         0.01413569 0.01144318 0.00968269 0.00695282 0.00689348]
 [0.01190323 0.01142979 0.01309608 0.01170444 0.01144318 0.01045306
  0.01413569 0.         0.06255604 0.0261074  0.01139232 0.01089827]
 [0.01103041 0.01051217 0.01180087 0.01042601 0.00992953 0.00888141
  0.01144318 0.06255604 0.         0.04170403 0.01316969 0.01241191]
 [0.01096361 0.01034124 0.01129858 0.00983638 0.00907207 0.00791829
  0.00968269 0.0261074  0.04170403 0.         0.01989135 0.01804659]
 [0.01012548 0.00936565 0.00974592 0.00827529 0.00725112 0.00610303
  0.00695282 0.01139232 0.01316969 0.01989135 0.         0.15257571]
 [0.01031299 0.00951648 0.00984668 0.00833747 0.00726551 0.00609243
  0.00689348 0.01089827 0.01241191 0.01804659 0.15257571 0.        ]]

		Battery: 40
[[0.         0.26643908 0.08136289 0.05120932 0.02970141 0.02033132
  0.01722375 0.01190323 0.01103041 0.01096361 0.01012548 0.01031299]
 [0.26643908 0.         0.1065148  0.0605341  0.03209351 0.02129987
  0.01745085 0.01142979 0.01051217 0.01034124 0.00936565 0.00951648]
 [0.08136289 0.1065148  0.         0.19048847 0.05612607 0.03256323
  0.02357295 0.01309608 0.01180087 0.01129858 0.00974592 0.00984668]
 [0.05120932 0.0605341  0.19048847 0.         0.07180034 0.03599222
  0.02347319 0.01170444 0.01042601 0.00983638 0.00827529 0.00833747]
 [0.02970141 0.03209351 0.05612607 0.07180034 0.         0.07798314
  0.03120867 0.01144318 0.00992953 0.00907207 0.00725112 0.00726551]
 [0.02033132 0.02129987 0.03256323 0.03599222 0.07798314 0.
  0.04049125 0.01045306 0.00888141 0.00791829 0.00610303 0.00609243]
 [0.01722375 0.01745085 0.02357295 0.02347319 0.03120867 0.04049125
  0.         0.01413569 0.01144318 0.00968269 0.00695282 0.00689348]
 [0.01190323 0.01142979 0.01309608 0.01170444 0.01144318 0.01045306
  0.01413569 0.         0.06255604 0.0261074  0.01139232 0.01089827]
 [0.01103041 0.01051217 0.01180087 0.01042601 0.00992953 0.00888141
  0.01144318 0.06255604 0.         0.04170403 0.01316969 0.01241191]
 [0.01096361 0.01034124 0.01129858 0.00983638 0.00907207 0.00791829
  0.00968269 0.0261074  0.04170403 0.         0.01989135 0.01804659]
 [0.01012548 0.00936565 0.00974592 0.00827529 0.00725112 0.00610303
  0.00695282 0.01139232 0.01316969 0.01989135 0.         0.15257571]
 [0.01031299 0.00951648 0.00984668 0.00833747 0.00726551 0.00609243
  0.00689348 0.01089827 0.01241191 0.01804659 0.15257571 0.        ]]

	Season: Καλοκαίρι
		Battery: 24
[[0.         0.57616369 0.18359015 0.10454202 0.05597019 0.04442078
  0.03510158 0.02421102 0.02196897 0.02159923 0.01934576 0.01943409]
 [0.57616369 0.         0.24160464 0.12422651 0.0607952  0.04678105
  0.03575096 0.02337001 0.02104664 0.02048    0.0179879  0.01802721]
 [0.18359015 0.24160464 0.         0.40790394 0.11094091 0.07462692
  0.05039182 0.02794067 0.02465353 0.02334835 0.01953172 0.01946332]
 [0.10454202 0.12422651 0.40790394 0.         0.12840219 0.07462692
  0.04539804 0.02259253 0.01970617 0.0183902  0.01500444 0.01491009]
 [0.05597019 0.0607952  0.11094091 0.12840219 0.         0.14925383
  0.05571578 0.02038914 0.01732411 0.01565653 0.01213611 0.01199361]
 [0.04442078 0.04678105 0.07462692 0.07462692 0.14925383 0.
  0.08381177 0.02159417 0.01796574 0.01584387 0.01184297 0.01166046]
 [0.03510158 0.03575096 0.05039182 0.04539804 0.05571578 0.08381177
  0.         0.02723882 0.02159175 0.01807191 0.01258503 0.0123067 ]
 [0.02421102 0.02337001 0.02794067 0.02259253 0.02038914 0.02159417
  0.02723882 0.         0.11780392 0.04863187 0.02058044 0.01941823]
 [0.02196897 0.02104664 0.02465353 0.01970617 0.01732411 0.01796574
  0.02159175 0.11780392 0.         0.07606857 0.02329636 0.02165513]
 [0.02159923 0.02048    0.02334835 0.0183902  0.01565653 0.01584387
  0.01807191 0.04863187 0.07606857 0.         0.03480516 0.0311447 ]
 [0.01934576 0.0179879  0.01953172 0.01500444 0.01213611 0.01184297
  0.01258503 0.02058044 0.02329636 0.03480516 0.         0.25536398]
 [0.01943409 0.01802721 0.01946332 0.01491009 0.01199361 0.01166046
  0.0123067  0.01941823 0.02165513 0.0311447  0.25536398 0.        ]]

		Battery: 30
[[0.         0.43212276 0.13769261 0.07840651 0.04197764 0.03331559
  0.02632618 0.01815827 0.01647673 0.01619942 0.01450932 0.01457557]
 [0.43212276 0.         0.18120348 0.09316988 0.0455964  0.03508579
  0.02681322 0.01752751 0.01578498 0.01536    0.01349093 0.01352041]
 [0.13769261 0.18120348 0.         0.30592795 0.08320568 0.05597019
  0.03779387 0.0209555  0.01849015 0.01751126 0.01464879 0.01459749]
 [0.07840651 0.09316988 0.30592795 0.         0.09630164 0.05597019
  0.03404853 0.0169444  0.01477963 0.01379265 0.01125333 0.01118257]
 [0.04197764 0.0455964  0.08320568 0.09630164 0.         0.11194037
  0.04178683 0.01529185 0.01299308 0.01174239 0.00910208 0.00899521]
 [0.03331559 0.03508579 0.05597019 0.05597019 0.11194037 0.
  0.06285883 0.01619563 0.0134743  0.0118829  0.00888223 0.00874534]
 [0.02632618 0.02681322 0.03779387 0.03404853 0.04178683 0.06285883
  0.         0.02042912 0.01619381 0.01355393 0.00943877 0.00923002]
 [0.01815827 0.01752751 0.0209555  0.0169444  0.01529185 0.01619563
  0.02042912 0.         0.08835294 0.0364739  0.01543533 0.01456367]
 [0.01647673 0.01578498 0.01849015 0.01477963 0.01299308 0.0134743
  0.01619381 0.08835294 0.         0.05705143 0.01747227 0.01624135]
 [0.01619942 0.01536    0.01751126 0.01379265 0.01174239 0.0118829
  0.01355393 0.0364739  0.05705143 0.         0.02610387 0.02335853]
 [0.01450932 0.01349093 0.01464879 0.01125333 0.00910208 0.00888223
  0.00943877 0.01543533 0.01747227 0.02610387 0.         0.19152298]
 [0.01457557 0.01352041 0.01459749 0.01118257 0.00899521 0.00874534
  0.00923002 0.01456367 0.01624135 0.02335853 0.19152298 0.        ]]

		Battery: 40
[[0.         0.43212276 0.13769261 0.07840651 0.04197764 0.03331559
  0.02632618 0.01815827 0.01647673 0.01619942 0.01450932 0.01457557]
 [0.43212276 0.         0.18120348 0.09316988 0.0455964  0.03508579
  0.02681322 0.01752751 0.01578498 0.01536    0.01349093 0.01352041]
 [0.13769261 0.18120348 0.         0.30592795 0.08320568 0.05597019
  0.03779387 0.0209555  0.01849015 0.01751126 0.01464879 0.01459749]
 [0.07840651 0.09316988 0.30592795 0.         0.09630164 0.05597019
  0.03404853 0.0169444  0.01477963 0.01379265 0.01125333 0.01118257]
 [0.04197764 0.0455964  0.08320568 0.09630164 0.         0.11194037
  0.04178683 0.01529185 0.01299308 0.01174239 0.00910208 0.00899521]
 [0.03331559 0.03508579 0.05597019 0.05597019 0.11194037 0.
  0.06285883 0.01619563 0.0134743  0.0118829  0.00888223 0.00874534]
 [0.02632618 0.02681322 0.03779387 0.03404853 0.04178683 0.06285883
  0.         0.02042912 0.01619381 0.01355393 0.00943877 0.00923002]
 [0.01815827 0.01752751 0.0209555  0.0169444  0.01529185 0.01619563
  0.02042912 0.         0.08835294 0.0364739  0.01543533 0.01456367]
 [0.01647673 0.01578498 0.01849015 0.01477963 0.01299308 0.0134743
  0.01619381 0.08835294 0.         0.05705143 0.01747227 0.01624135]
 [0.01619942 0.01536    0.01751126 0.01379265 0.01174239 0.0118829
  0.01355393 0.0364739  0.05705143 0.         0.02610387 0.02335853]
 [0.01450932 0.01349093 0.01464879 0.01125333 0.00910208 0.00888223
  0.00943877 0.01543533 0.01747227 0.02610387 0.         0.19152298]
 [0.01457557 0.01352041 0.01459749 0.01118257 0.00899521 0.00874534
  0.00923002 0.01456367 0.01624135 0.02335853 0.19152298 0.        ]]

	Season: Φθινόπωρο
		Battery: 24
[[0.         0.32006472 0.10248323 0.06766772 0.03567935 0.0249543
  0.02069034 0.01463943 0.01357366 0.01436752 0.01267022 0.01263643]
 [0.32006472 0.         0.1305864  0.07785639 0.03752483 0.02544594
  0.02040413 0.0136823  0.01259098 0.01319055 0.01140692 0.01134953]
 [0.10248323 0.1305864  0.         0.25689129 0.06881017 0.04079017
  0.02890027 0.01643798 0.01482065 0.01511125 0.01244628 0.0123134 ]
 [0.06766772 0.07785639 0.25689129 0.         0.09234654 0.047298
  0.03019022 0.01541217 0.01373655 0.01380124 0.0110868  0.01093777]
 [0.03567935 0.03752483 0.06881017 0.09234654 0.         0.09316274
  0.03649024 0.01369832 0.01189312 0.01157168 0.00883152 0.00866498]
 [0.0249543  0.02544594 0.04079017 0.047298   0.09316274 0.
  0.04837296 0.0127851  0.01086899 0.01031956 0.00759479 0.00742391]
 [0.02069034 0.02040413 0.02890027 0.03019022 0.03649024 0.04837296
  0.         0.01692145 0.01370609 0.01235054 0.0084682  0.00822129]
 [0.01463943 0.0136823  0.01643798 0.01541217 0.01369832 0.0127851
  0.01692145 0.         0.07671059 0.0340936  0.01420567 0.01330694]
 [0.01357366 0.01259098 0.01482065 0.01373655 0.01189312 0.01086899
  0.01370609 0.07671059 0.         0.05449209 0.01643128 0.01516372]
 [0.01436752 0.01319055 0.01511125 0.01380124 0.01157168 0.01031956
  0.01235054 0.0340936  0.05449209 0.         0.02642914 0.02347931]
 [0.01267022 0.01140692 0.01244628 0.0110868  0.00883152 0.00759479
  0.0084682  0.01420567 0.01643128 0.02642914 0.         0.18954652]
 [0.01263643 0.01134953 0.0123134  0.01093777 0.00866498 0.00742391
  0.00822129 0.01330694 0.01516372 0.02347931 0.18954652 0.        ]]

		Battery: 30
[[0.         0.25605177 0.08198658 0.05413418 0.02854348 0.01996344
  0.01655227 0.01171154 0.01085893 0.01149402 0.01013618 0.01010915]
 [0.25605177 0.         0.10446912 0.06228511 0.03001986 0.02035675
  0.0163233  0.01094584 0.01007278 0.01055244 0.00912553 0.00907963]
 [0.08198658 0.10446912 0.         0.20551303 0.05504813 0.03263214
  0.02312022 0.01315039 0.01185652 0.012089   0.00995703 0.00985072]
 [0.05413418 0.06228511 0.20551303 0.         0.07387723 0.0378384
  0.02415217 0.01232974 0.01098924 0.01104099 0.00886944 0.00875021]
 [0.02854348 0.03001986 0.05504813 0.07387723 0.         0.07453019
  0.02919219 0.01095866 0.00951449 0.00925734 0.00706522 0.00693199]
 [0.01996344 0.02035675 0.03263214 0.0378384  0.07453019 0.
  0.03869837 0.01022808 0.00869519 0.00825565 0.00607583 0.00593912]
 [0.01655227 0.0163233  0.02312022 0.02415217 0.02919219 0.03869837
  0.         0.01353716 0.01096487 0.00988043 0.00677456 0.00657704]
 [0.01171154 0.01094584 0.01315039 0.01232974 0.01095866 0.01022808
  0.01353716 0.         0.06136847 0.02727488 0.01136453 0.01064555]
 [0.01085893 0.01007278 0.01185652 0.01098924 0.00951449 0.00869519
  0.01096487 0.06136847 0.         0.04359367 0.01314502 0.01213098]
 [0.01149402 0.01055244 0.012089   0.01104099 0.00925734 0.00825565
  0.00988043 0.02727488 0.04359367 0.         0.02114332 0.01878345]
 [0.01013618 0.00912553 0.00995703 0.00886944 0.00706522 0.00607583
  0.00677456 0.01136453 0.01314502 0.02114332 0.         0.15163722]
 [0.01010915 0.00907963 0.00985072 0.00875021 0.00693199 0.00593912
  0.00657704 0.01064555 0.01213098 0.01878345 0.15163722 0.        ]]

		Battery: 40
[[0.         0.25605177 0.08198658 0.05413418 0.02854348 0.01996344
  0.01655227 0.01171154 0.01085893 0.01149402 0.01013618 0.01010915]
 [0.25605177 0.         0.10446912 0.06228511 0.03001986 0.02035675
  0.0163233  0.01094584 0.01007278 0.01055244 0.00912553 0.00907963]
 [0.08198658 0.10446912 0.         0.20551303 0.05504813 0.03263214
  0.02312022 0.01315039 0.01185652 0.012089   0.00995703 0.00985072]
 [0.05413418 0.06228511 0.20551303 0.         0.07387723 0.0378384
  0.02415217 0.01232974 0.01098924 0.01104099 0.00886944 0.00875021]
 [0.02854348 0.03001986 0.05504813 0.07387723 0.         0.07453019
  0.02919219 0.01095866 0.00951449 0.00925734 0.00706522 0.00693199]
 [0.01996344 0.02035675 0.03263214 0.0378384  0.07453019 0.
  0.03869837 0.01022808 0.00869519 0.00825565 0.00607583 0.00593912]
 [0.01655227 0.0163233  0.02312022 0.02415217 0.02919219 0.03869837
  0.         0.01353716 0.01096487 0.00988043 0.00677456 0.00657704]
 [0.01171154 0.01094584 0.01315039 0.01232974 0.01095866 0.01022808
  0.01353716 0.         0.06136847 0.02727488 0.01136453 0.01064555]
 [0.01085893 0.01007278 0.01185652 0.01098924 0.00951449 0.00869519
  0.01096487 0.06136847 0.         0.04359367 0.01314502 0.01213098]
 [0.01149402 0.01055244 0.012089   0.01104099 0.00925734 0.00825565
  0.00988043 0.02727488 0.04359367 0.         0.02114332 0.01878345]
 [0.01013618 0.00912553 0.00995703 0.00886944 0.00706522 0.00607583
  0.00677456 0.01136453 0.01314502 0.02114332 0.         0.15163722]
 [0.01010915 0.00907963 0.00985072 0.00875021 0.00693199 0.00593912
  0.00657704 0.01064555 0.01213098 0.01878345 0.15163722 0.        ]]

	Season: Χειμώνας
		Battery: 24
[[0.         0.49071671 0.07847071 0.0567753  0.02751457 0.02038504
  0.01720038 0.01206583 0.01113564 0.01090289 0.00997869 0.01048871]
 [0.49071671 0.         0.19145996 0.12508273 0.05541021 0.03980244
  0.03247981 0.02159323 0.01977892 0.01916672 0.01720215 0.01803852]
 [0.07847071 0.19145996 0.         0.20611718 0.05074409 0.0318646
  0.0229752  0.01295594 0.01162712 0.01096597 0.0093738  0.00977378]
 [0.0567753  0.12508273 0.20611718 0.         0.07462366 0.0404873
  0.02629945 0.01331089 0.0118088  0.01097458 0.00914967 0.00951341]
 [0.02751457 0.05541021 0.05074409 0.07462366 0.         0.07329702
  0.02921629 0.01087373 0.00939705 0.00845735 0.00669889 0.00692697]
 [0.02038504 0.03980244 0.0318646  0.0404873  0.07329702 0.
  0.04102713 0.01075067 0.00909715 0.00798949 0.00610243 0.00628678]
 [0.01720038 0.03247981 0.0229752  0.02629945 0.02921629 0.04102713
  0.         0.01448017 0.01167439 0.00973079 0.00692441 0.00708501]
 [0.01206583 0.02159323 0.01295594 0.01331089 0.01087373 0.01075067
  0.01448017 0.         0.06477969 0.02663165 0.01151639 0.0113695 ]
 [0.01113564 0.01977892 0.01162712 0.0118088  0.00939705 0.00909715
  0.01167439 0.06477969 0.         0.04236853 0.013259   0.01289596]
 [0.01090289 0.01916672 0.01096597 0.01097458 0.00845735 0.00798949
  0.00973079 0.02663165 0.04236853 0.         0.01972715 0.01847034]
 [0.00997869 0.01720215 0.0093738  0.00914967 0.00669889 0.00610243
  0.00692441 0.01151639 0.013259   0.01972715 0.         0.15475147]
 [0.01048871 0.01803852 0.00977378 0.00951341 0.00692697 0.00628678
  0.00708501 0.0113695  0.01289596 0.01847034 0.15475147 0.        ]]

		Battery: 30
[[0.         0.39257337 0.06277657 0.04542024 0.02201166 0.01630803
  0.0137603  0.00965267 0.00890851 0.00872231 0.00798295 0.00839097]
 [0.39257337 0.         0.15316797 0.10006618 0.04432817 0.03184196
  0.02598385 0.01727458 0.01582314 0.01533337 0.01376172 0.01443081]
 [0.06277657 0.15316797 0.         0.16489375 0.04059527 0.02549168
  0.01838016 0.01036475 0.0093017  0.00877278 0.00749904 0.00781902]
 [0.04542024 0.10006618 0.16489375 0.         0.05969893 0.03238984
  0.02103956 0.01064872 0.00944704 0.00877966 0.00731974 0.00761073]
 [0.02201166 0.04432817 0.04059527 0.05969893 0.         0.05863761
  0.02337303 0.00869899 0.00751764 0.00676588 0.00535911 0.00554158]
 [0.01630803 0.03184196 0.02549168 0.03238984 0.05863761 0.
  0.03282171 0.00860054 0.00727772 0.0063916  0.00488195 0.00502942]
 [0.0137603  0.02598385 0.01838016 0.02103956 0.02337303 0.03282171
  0.         0.01158413 0.00933951 0.00778464 0.00553953 0.00566801]
 [0.00965267 0.01727458 0.01036475 0.01064872 0.00869899 0.00860054
  0.01158413 0.         0.05182375 0.02130532 0.00921311 0.0090956 ]
 [0.00890851 0.01582314 0.0093017  0.00944704 0.00751764 0.00727772
  0.00933951 0.05182375 0.         0.03389483 0.0106072  0.01031676]
 [0.00872231 0.01533337 0.00877278 0.00877966 0.00676588 0.0063916
  0.00778464 0.02130532 0.03389483 0.         0.01578172 0.01477627]
 [0.00798295 0.01376172 0.00749904 0.00731974 0.00535911 0.00488195
  0.00553953 0.00921311 0.0106072  0.01578172 0.         0.12380118]
 [0.00839097 0.01443081 0.00781902 0.00761073 0.00554158 0.00502942
  0.00566801 0.0090956  0.01031676 0.01477627 0.12380118 0.        ]]

		Battery: 40
[[0.         0.39257337 0.06277657 0.04542024 0.02201166 0.01630803
  0.0137603  0.00965267 0.00890851 0.00872231 0.00798295 0.00839097]
 [0.39257337 0.         0.15316797 0.10006618 0.04432817 0.03184196
  0.02598385 0.01727458 0.01582314 0.01533337 0.01376172 0.01443081]
 [0.06277657 0.15316797 0.         0.16489375 0.04059527 0.02549168
  0.01838016 0.01036475 0.0093017  0.00877278 0.00749904 0.00781902]
 [0.04542024 0.10006618 0.16489375 0.         0.05969893 0.03238984
  0.02103956 0.01064872 0.00944704 0.00877966 0.00731974 0.00761073]
 [0.02201166 0.04432817 0.04059527 0.05969893 0.         0.05863761
  0.02337303 0.00869899 0.00751764 0.00676588 0.00535911 0.00554158]
 [0.01630803 0.03184196 0.02549168 0.03238984 0.05863761 0.
  0.03282171 0.00860054 0.00727772 0.0063916  0.00488195 0.00502942]
 [0.0137603  0.02598385 0.01838016 0.02103956 0.02337303 0.03282171
  0.         0.01158413 0.00933951 0.00778464 0.00553953 0.00566801]
 [0.00965267 0.01727458 0.01036475 0.01064872 0.00869899 0.00860054
  0.01158413 0.         0.05182375 0.02130532 0.00921311 0.0090956 ]
 [0.00890851 0.01582314 0.0093017  0.00944704 0.00751764 0.00727772
  0.00933951 0.05182375 0.         0.03389483 0.0106072  0.01031676]
 [0.00872231 0.01533337 0.00877278 0.00877966 0.00676588 0.0063916
  0.00778464 0.02130532 0.03389483 0.         0.01578172 0.01477627]
 [0.00798295 0.01376172 0.00749904 0.00731974 0.00535911 0.00488195
  0.00553953 0.00921311 0.0106072  0.01578172 0.         0.12380118]
 [0.00839097 0.01443081 0.00781902 0.00761073 0.00554158 0.00502942
  0.00566801 0.0090956  0.01031676 0.01477627 0.12380118 0.        ]]

Scenario: Σαββατοκύριακο
	Season: Άνοιξη
		Battery: 24
[[0.         0.65575078 0.21610321 0.13881314 0.07431842 0.04644901
  0.03703152 0.02363817 0.02154157 0.02078256 0.0182981  0.01857961]
 [0.65575078 0.         0.28477152 0.16517087 0.08083296 0.04898236
  0.03776696 0.02284752 0.02066473 0.01973195 0.01703649 0.01725759]
 [0.21610321 0.28477152 0.         0.56091361 0.15255617 0.08081354
  0.05505583 0.02825114 0.02503486 0.02326565 0.01913194 0.01927025]
 [0.13881314 0.16517087 0.56091361 0.         0.19917664 0.09116162
  0.05595104 0.02576867 0.02257335 0.02067157 0.0165793  0.01665247]
 [0.07431842 0.08083296 0.15255617 0.19917664 0.         0.18232323
  0.06866719 0.02325551 0.01984471 0.01759877 0.01340991 0.01339518]
 [0.04644901 0.04898236 0.08081354 0.09116162 0.18232323 0.
  0.08134421 0.01939609 0.01620651 0.01402486 0.01030523 0.01025568]
 [0.03703152 0.03776696 0.05505583 0.05595104 0.06866719 0.08134421
  0.         0.02468428 0.0196511  0.01613972 0.01104856 0.01092057]
 [0.02363817 0.02284752 0.02825114 0.02576867 0.02325551 0.01939609
  0.02468428 0.         0.09922353 0.04019472 0.016721   0.01594664]
 [0.02154157 0.02066473 0.02503486 0.02257335 0.01984471 0.01620651
  0.0196511  0.09922353 0.         0.06314224 0.01900914 0.01786023]
 [0.02078256 0.01973195 0.02326565 0.02067157 0.01759877 0.01402486
  0.01613972 0.04019472 0.06314224 0.         0.02786834 0.02520598]
 [0.0182981  0.01703649 0.01913194 0.0165793  0.01340991 0.01030523
  0.01104856 0.016721   0.01900914 0.02786834 0.         0.20316017]
 [0.01857961 0.01725759 0.01927025 0.01665247 0.01339518 0.01025568
  0.01092057 0.01594664 0.01786023 0.02520598 0.20316017 0.        ]]

		Battery: 30
[[0.         0.51002839 0.16808028 0.10796578 0.05780322 0.03612701
  0.02880229 0.01838525 0.01675456 0.01616421 0.01423185 0.0144508 ]
 [0.51002839 0.         0.22148896 0.12846623 0.06287008 0.03809739
  0.0293743  0.0177703  0.01607257 0.01534707 0.01325061 0.01342257]
 [0.16808028 0.22148896 0.         0.43626614 0.1186548  0.06285498
  0.0428212  0.02197311 0.01947156 0.0180955  0.0148804  0.01498797]
 [0.10796578 0.12846623 0.43626614 0.         0.15491516 0.07090348
  0.04351748 0.0200423  0.01755705 0.01607789 0.01289501 0.01295192]
 [0.05780322 0.06287008 0.1186548  0.15491516 0.         0.14180696
  0.05340782 0.01808762 0.01543477 0.01368793 0.01042993 0.01041847]
 [0.03612701 0.03809739 0.06285498 0.07090348 0.14180696 0.
  0.06326772 0.01508585 0.01260506 0.01090823 0.00801518 0.00797664]
 [0.02880229 0.0293743  0.0428212  0.04351748 0.05340782 0.06326772
  0.         0.01919889 0.01528419 0.01255312 0.00859332 0.00849377]
 [0.01838525 0.0177703  0.02197311 0.0200423  0.01808762 0.01508585
  0.01919889 0.         0.07717385 0.03126256 0.01300522 0.01240294]
 [0.01675456 0.01607257 0.01947156 0.01755705 0.01543477 0.01260506
  0.01528419 0.07717385 0.         0.04911063 0.01478489 0.01389129]
 [0.01616421 0.01534707 0.0180955  0.01607789 0.01368793 0.01090823
  0.01255312 0.03126256 0.04911063 0.         0.02167537 0.01960465]
 [0.01423185 0.01325061 0.0148804  0.01289501 0.01042993 0.00801518
  0.00859332 0.01300522 0.01478489 0.02167537 0.         0.15801347]
 [0.0144508  0.01342257 0.01498797 0.01295192 0.01041847 0.00797664
  0.00849377 0.01240294 0.01389129 0.01960465 0.15801347 0.        ]]

		Battery: 40
[[0.         0.51002839 0.16808028 0.10796578 0.05780322 0.03612701
  0.02880229 0.01838525 0.01675456 0.01616421 0.01423185 0.0144508 ]
 [0.51002839 0.         0.22148896 0.12846623 0.06287008 0.03809739
  0.0293743  0.0177703  0.01607257 0.01534707 0.01325061 0.01342257]
 [0.16808028 0.22148896 0.         0.43626614 0.1186548  0.06285498
  0.0428212  0.02197311 0.01947156 0.0180955  0.0148804  0.01498797]
 [0.10796578 0.12846623 0.43626614 0.         0.15491516 0.07090348
  0.04351748 0.0200423  0.01755705 0.01607789 0.01289501 0.01295192]
 [0.05780322 0.06287008 0.1186548  0.15491516 0.         0.14180696
  0.05340782 0.01808762 0.01543477 0.01368793 0.01042993 0.01041847]
 [0.03612701 0.03809739 0.06285498 0.07090348 0.14180696 0.
  0.06326772 0.01508585 0.01260506 0.01090823 0.00801518 0.00797664]
 [0.02880229 0.0293743  0.0428212  0.04351748 0.05340782 0.06326772
  0.         0.01919889 0.01528419 0.01255312 0.00859332 0.00849377]
 [0.01838525 0.0177703  0.02197311 0.0200423  0.01808762 0.01508585
  0.01919889 0.         0.07717385 0.03126256 0.01300522 0.01240294]
 [0.01675456 0.01607257 0.01947156 0.01755705 0.01543477 0.01260506
  0.01528419 0.07717385 0.         0.04911063 0.01478489 0.01389129]
 [0.01616421 0.01534707 0.0180955  0.01607789 0.01368793 0.01090823
  0.01255312 0.03126256 0.04911063 0.         0.02167537 0.01960465]
 [0.01423185 0.01325061 0.0148804  0.01289501 0.01042993 0.00801518
  0.00859332 0.01300522 0.01478489 0.02167537 0.         0.15801347]
 [0.0144508  0.01342257 0.01498797 0.01295192 0.01041847 0.00797664
  0.00849377 0.01240294 0.01389129 0.01960465 0.15801347 0.        ]]

	Season: Καλοκαίρι
		Battery: 24
[[0.         1.03220315 0.32125472 0.18996842 0.11970356 0.07481472
  0.060581   0.04174257 0.03785093 0.0372476  0.03477957 0.03536696]
 [1.03220315 0.         0.40527827 0.21639776 0.1246429  0.07552987
  0.05914872 0.03862538 0.03476141 0.03385617 0.03100038 0.03144922]
 [0.32125472 0.40527827 0.         0.69402832 0.2221625  0.11768608
  0.08143266 0.04510572 0.03977175 0.0377003  0.03287817 0.03316493]
 [0.18996842 0.21639776 0.69402832 0.         0.26701884 0.12221247
  0.0761844  0.03787478 0.03301324 0.03083654 0.02622874 0.02638353]
 [0.11970356 0.1246429  0.2221625  0.26701884 0.         0.28767709
  0.11004413 0.04022943 0.03415832 0.03089828 0.02496876 0.02497827]
 [0.07481472 0.07552987 0.11768608 0.12221247 0.28767709 0.
  0.13035997 0.03355305 0.02789596 0.02462355 0.01918795 0.01912399]
 [0.060581   0.05914872 0.08143266 0.0761844  0.11004413 0.13035997
  0.         0.04337033 0.03435524 0.02878077 0.02089446 0.02068299]
 [0.04174257 0.03862538 0.04510572 0.03787478 0.04022943 0.03355305
  0.04337033 0.         0.18724969 0.07737053 0.03413406 0.03260151]
 [0.03785093 0.03476141 0.03977175 0.03301324 0.03415832 0.02789596
  0.03435524 0.18724969 0.         0.12093739 0.03861198 0.03633203]
 [0.0372476  0.03385617 0.0377003  0.03083654 0.03089828 0.02462355
  0.02878077 0.07737053 0.12093739 0.         0.0577392  0.05230054]
 [0.03477957 0.03100038 0.03287817 0.02622874 0.02496876 0.01918795
  0.02089446 0.03413406 0.03861198 0.0577392  0.         0.44705428]
 [0.03536696 0.03144922 0.03316493 0.02638353 0.02497827 0.01912399
  0.02068299 0.03260151 0.03633203 0.05230054 0.44705428 0.        ]]

		Battery: 30
[[0.         0.81101676 0.25241442 0.1492609  0.0940528  0.058783
  0.04759935 0.03279773 0.02974001 0.02926597 0.02732681 0.02778833]
 [0.81101676 0.         0.31843292 0.17002681 0.0979337  0.0593449
  0.04647399 0.03034851 0.02731254 0.02660128 0.02435744 0.0247101 ]
 [0.25241442 0.31843292 0.         0.54530797 0.17455625 0.09246764
  0.0639828  0.03544021 0.03124923 0.02962167 0.02583285 0.02605816]
 [0.1492609  0.17002681 0.54530797 0.         0.20980052 0.09602408
  0.05985917 0.02975875 0.02593897 0.02422871 0.02060829 0.02072992]
 [0.0940528  0.0979337  0.17455625 0.20980052 0.         0.226032
  0.08646324 0.03160884 0.02683868 0.02427722 0.01961831 0.01962578]
 [0.058783   0.0593449  0.09246764 0.09602408 0.226032   0.
  0.10242569 0.02636311 0.02191825 0.01934707 0.01507625 0.01502599]
 [0.04759935 0.04647399 0.0639828  0.05985917 0.08646324 0.10242569
  0.         0.03407669 0.0269934  0.02261346 0.01641707 0.01625092]
 [0.03279773 0.03034851 0.03544021 0.02975875 0.03160884 0.02636311
  0.03407669 0.         0.14712476 0.06079113 0.02681962 0.02561547]
 [0.02974001 0.02731254 0.03124923 0.02593897 0.02683868 0.02191825
  0.0269934  0.14712476 0.         0.09502223 0.03033798 0.0285466 ]
 [0.02926597 0.02660128 0.02962167 0.02422871 0.02427722 0.01934707
  0.02261346 0.06079113 0.09502223 0.         0.04536652 0.04109328]
 [0.02732681 0.02435744 0.02583285 0.02060829 0.01961831 0.01507625
  0.01641707 0.02681962 0.03033798 0.04536652 0.         0.35125693]
 [0.02778833 0.0247101  0.02605816 0.02072992 0.01962578 0.01502599
  0.01625092 0.02561547 0.0285466  0.04109328 0.35125693 0.        ]]

		Battery: 40
[[0.         0.81101676 0.25241442 0.1492609  0.0940528  0.058783
  0.04759935 0.03279773 0.02974001 0.02926597 0.02732681 0.02778833]
 [0.81101676 0.         0.31843292 0.17002681 0.0979337  0.0593449
  0.04647399 0.03034851 0.02731254 0.02660128 0.02435744 0.0247101 ]
 [0.25241442 0.31843292 0.         0.54530797 0.17455625 0.09246764
  0.0639828  0.03544021 0.03124923 0.02962167 0.02583285 0.02605816]
 [0.1492609  0.17002681 0.54530797 0.         0.20980052 0.09602408
  0.05985917 0.02975875 0.02593897 0.02422871 0.02060829 0.02072992]
 [0.0940528  0.0979337  0.17455625 0.20980052 0.         0.226032
  0.08646324 0.03160884 0.02683868 0.02427722 0.01961831 0.01962578]
 [0.058783   0.0593449  0.09246764 0.09602408 0.226032   0.
  0.10242569 0.02636311 0.02191825 0.01934707 0.01507625 0.01502599]
 [0.04759935 0.04647399 0.0639828  0.05985917 0.08646324 0.10242569
  0.         0.03407669 0.0269934  0.02261346 0.01641707 0.01625092]
 [0.03279773 0.03034851 0.03544021 0.02975875 0.03160884 0.02636311
  0.03407669 0.         0.14712476 0.06079113 0.02681962 0.02561547]
 [0.02974001 0.02731254 0.03124923 0.02593897 0.02683868 0.02191825
  0.0269934  0.14712476 0.         0.09502223 0.03033798 0.0285466 ]
 [0.02926597 0.02660128 0.02962167 0.02422871 0.02427722 0.01934707
  0.02261346 0.06079113 0.09502223 0.         0.04536652 0.04109328]
 [0.02732681 0.02435744 0.02583285 0.02060829 0.01961831 0.01507625
  0.01641707 0.02681962 0.03033798 0.04536652 0.         0.35125693]
 [0.02778833 0.0247101  0.02605816 0.02072992 0.01962578 0.01502599
  0.01625092 0.02561547 0.0285466  0.04109328 0.35125693 0.        ]]

	Season: Φθινόπωρο
		Battery: 24
[[0.         0.53805919 0.17480583 0.10387887 0.05696339 0.03977526
  0.0321859  0.02215986 0.01984511 0.01911523 0.01649399 0.01643175]
 [0.53805919 0.         0.25267973 0.13558425 0.06796213 0.04601034
  0.03600686 0.02349478 0.02088262 0.0199081  0.01684532 0.01674197]
 [0.17480583 0.25267973 0.         0.45391568 0.12644794 0.07483475
  0.05174639 0.02863992 0.02494042 0.0231408  0.01864925 0.01842966]
 [0.10387887 0.13558425 0.45391568 0.         0.15272928 0.07809678
  0.04865045 0.02416738 0.02080447 0.01902123 0.01495101 0.01473366]
 [0.05696339 0.06796213 0.12644794 0.15272928 0.         0.15998006
  0.06115482 0.02233914 0.01873303 0.01658632 0.01238606 0.012139  ]
 [0.03977526 0.04601034 0.07483475 0.07809678 0.15998006 0.
  0.08093666 0.02081574 0.01709189 0.01476739 0.01063413 0.01038332]
 [0.0321859  0.03600686 0.05174639 0.04865045 0.06115482 0.08093666
  0.         0.02688783 0.02103512 0.0172488  0.01157198 0.01122211]
 [0.02215986 0.02349478 0.02863992 0.02416738 0.02233914 0.02081574
  0.02688783 0.         0.11455967 0.04633302 0.01888962 0.01767492]
 [0.01984511 0.02088262 0.02494042 0.02080447 0.01873303 0.01709189
  0.02103512 0.11455967 0.         0.07152611 0.0211031  0.01945353]
 [0.01911523 0.0199081  0.0231408  0.01902123 0.01658632 0.01476739
  0.0172488  0.04633302 0.07152611 0.         0.03088868 0.02741065]
 [0.01649399 0.01684532 0.01864925 0.01495101 0.01238606 0.01063413
  0.01157198 0.01888962 0.0211031  0.03088868 0.         0.21651778]
 [0.01643175 0.01674197 0.01842966 0.01473366 0.012139   0.01038332
  0.01122211 0.01767492 0.01945353 0.02741065 0.21651778 0.        ]]

		Battery: 30
[[0.         0.40354439 0.13110437 0.07790915 0.04272254 0.02983145
  0.02413942 0.0166199  0.01488383 0.01433642 0.01237049 0.01232381]
 [0.40354439 0.         0.1895098  0.10168818 0.0509716  0.03450775
  0.02700515 0.01762109 0.01566197 0.01493108 0.01263399 0.01255648]
 [0.13110437 0.1895098  0.         0.34043676 0.09483596 0.05612606
  0.03880979 0.02147994 0.01870532 0.0173556  0.01398694 0.01382224]
 [0.07790915 0.10168818 0.34043676 0.         0.11454696 0.05857258
  0.03648784 0.01812554 0.01560335 0.01426592 0.01121326 0.01105024]
 [0.04272254 0.0509716  0.09483596 0.11454696 0.         0.11998505
  0.04586612 0.01675435 0.01404977 0.01243974 0.00928954 0.00910425]
 [0.02983145 0.03450775 0.05612606 0.05857258 0.11998505 0.
  0.06070249 0.0156118  0.01281892 0.01107554 0.00797559 0.00778749]
 [0.02413942 0.02700515 0.03880979 0.03648784 0.04586612 0.06070249
  0.         0.02016587 0.01577634 0.0129366  0.00867898 0.00841658]
 [0.0166199  0.01762109 0.02147994 0.01812554 0.01675435 0.0156118
  0.02016587 0.         0.08591975 0.03474977 0.01416721 0.01325619]
 [0.01488383 0.01566197 0.01870532 0.01560335 0.01404977 0.01281892
  0.01577634 0.08591975 0.         0.05364458 0.01582732 0.01459015]
 [0.01433642 0.01493108 0.0173556  0.01426592 0.01243974 0.01107554
  0.0129366  0.03474977 0.05364458 0.         0.02316651 0.02055799]
 [0.01237049 0.01263399 0.01398694 0.01121326 0.00928954 0.00797559
  0.00867898 0.01416721 0.01582732 0.02316651 0.         0.16238834]
 [0.01232381 0.01255648 0.01382224 0.01105024 0.00910425 0.00778749
  0.00841658 0.01325619 0.01459015 0.02055799 0.16238834 0.        ]]

		Battery: 40
[[0.         0.40354439 0.13110437 0.07790915 0.04272254 0.02983145
  0.02413942 0.0166199  0.01488383 0.01433642 0.01237049 0.01232381]
 [0.40354439 0.         0.1895098  0.10168818 0.0509716  0.03450775
  0.02700515 0.01762109 0.01566197 0.01493108 0.01263399 0.01255648]
 [0.13110437 0.1895098  0.         0.34043676 0.09483596 0.05612606
  0.03880979 0.02147994 0.01870532 0.0173556  0.01398694 0.01382224]
 [0.07790915 0.10168818 0.34043676 0.         0.11454696 0.05857258
  0.03648784 0.01812554 0.01560335 0.01426592 0.01121326 0.01105024]
 [0.04272254 0.0509716  0.09483596 0.11454696 0.         0.11998505
  0.04586612 0.01675435 0.01404977 0.01243974 0.00928954 0.00910425]
 [0.02983145 0.03450775 0.05612606 0.05857258 0.11998505 0.
  0.06070249 0.0156118  0.01281892 0.01107554 0.00797559 0.00778749]
 [0.02413942 0.02700515 0.03880979 0.03648784 0.04586612 0.06070249
  0.         0.02016587 0.01577634 0.0129366  0.00867898 0.00841658]
 [0.0166199  0.01762109 0.02147994 0.01812554 0.01675435 0.0156118
  0.02016587 0.         0.08591975 0.03474977 0.01416721 0.01325619]
 [0.01488383 0.01566197 0.01870532 0.01560335 0.01404977 0.01281892
  0.01577634 0.08591975 0.         0.05364458 0.01582732 0.01459015]
 [0.01433642 0.01493108 0.0173556  0.01426592 0.01243974 0.01107554
  0.0129366  0.03474977 0.05364458 0.         0.02316651 0.02055799]
 [0.01237049 0.01263399 0.01398694 0.01121326 0.00928954 0.00797559
  0.00867898 0.01416721 0.01582732 0.02316651 0.         0.16238834]
 [0.01232381 0.01255648 0.01382224 0.01105024 0.00910425 0.00778749
  0.00841658 0.01325619 0.01459015 0.02055799 0.16238834 0.        ]]

	Season: Χειμώνας
		Battery: 24
[[0.         0.64039795 0.20753272 0.12151861 0.07383702 0.04719696
  0.03762782 0.02497956 0.02097643 0.02027252 0.01752008 0.01748035]
 [0.64039795 0.         0.2914419  0.15409044 0.08558472 0.05304046
  0.04089588 0.02573001 0.02144441 0.02051204 0.01738363 0.0173031 ]
 [0.20753272 0.2914419  0.         0.51457949 0.15883704 0.08605299
  0.05862531 0.03128608 0.02554722 0.02378309 0.01919701 0.01899965]
 [0.12151861 0.15409044 0.51457949 0.         0.18903717 0.08848724
  0.05430963 0.02601321 0.02099816 0.01926253 0.01516448 0.01496662]
 [0.07383702 0.08558472 0.15883704 0.18903717 0.         0.200852
  0.07564556 0.02664363 0.02095055 0.01861177 0.01392044 0.0136634 ]
 [0.04719696 0.05304046 0.08605299 0.08848724 0.200852   0.
  0.0916475  0.02272697 0.01749847 0.01516924 0.01094068 0.01069879]
 [0.03762782 0.04089588 0.05862531 0.05430963 0.07564556 0.0916475
  0.         0.0289233  0.02121766 0.01745667 0.01172985 0.0113924 ]
 [0.02497956 0.02573001 0.03128608 0.02601321 0.02664363 0.02272697
  0.0289233  0.         0.11141883 0.04521344 0.01846215 0.01730106]
 [0.02097643 0.02144441 0.02554722 0.02099816 0.02095055 0.01749847
  0.02121766 0.11141883 0.         0.06544882 0.01934041 0.01785558]
 [0.02027252 0.02051204 0.02378309 0.01926253 0.01861177 0.01516924
  0.01745667 0.04521344 0.06544882 0.         0.02840331 0.02524323]
 [0.01752008 0.01738363 0.01919701 0.01516448 0.01392044 0.01094068
  0.01172985 0.01846215 0.01934041 0.02840331 0.         0.19971079]
 [0.01748035 0.0173031  0.01899965 0.01496662 0.0136634  0.01069879
  0.0113924  0.01730106 0.01785558 0.02524323 0.19971079 0.        ]]

		Battery: 30
[[0.         0.49808729 0.16141434 0.09451447 0.05742879 0.03670875
  0.02926608 0.01942855 0.016315   0.01576751 0.01362673 0.01359583]
 [0.49808729 0.         0.22667703 0.11984812 0.06656589 0.04125369
  0.03180791 0.02001223 0.01667898 0.01595381 0.0135206  0.01345797]
 [0.16141434 0.22667703 0.         0.40022849 0.12353992 0.0669301
  0.04559746 0.02433362 0.01987006 0.01849796 0.014931   0.0147775 ]
 [0.09451447 0.11984812 0.40022849 0.         0.14702891 0.06882341
  0.04224082 0.0202325  0.0163319  0.01498197 0.0117946  0.0116407 ]
 [0.05742879 0.06656589 0.12353992 0.14702891 0.         0.15621822
  0.05883543 0.02072282 0.01629487 0.01447582 0.01082701 0.01062709]
 [0.03670875 0.04125369 0.0669301  0.06882341 0.15621822 0.
  0.07128139 0.01767653 0.01360992 0.0117983  0.00850942 0.00832128]
 [0.02926608 0.03180791 0.04559746 0.04224082 0.05883543 0.07128139
  0.         0.0224959  0.01650262 0.01357741 0.00912322 0.00886076]
 [0.01942855 0.02001223 0.02433362 0.0202325  0.02072282 0.01767653
  0.0224959  0.         0.08665909 0.03516601 0.01435945 0.01345638]
 [0.016315   0.01667898 0.01987006 0.0163319  0.01629487 0.01360992
  0.01650262 0.08665909 0.         0.05090464 0.01504254 0.01388767]
 [0.01576751 0.01595381 0.01849796 0.01498197 0.01447582 0.0117983
  0.01357741 0.03516601 0.05090464 0.         0.02209147 0.01963363]
 [0.01362673 0.0135206  0.014931   0.0117946  0.01082701 0.00850942
  0.00912322 0.01435945 0.01504254 0.02209147 0.         0.15533062]
 [0.01359583 0.01345797 0.0147775  0.0116407  0.01062709 0.00832128
  0.00886076 0.01345638 0.01388767 0.01963363 0.15533062 0.        ]]

		Battery: 40
[[0.         0.49808729 0.16141434 0.09451447 0.05742879 0.03670875
  0.02926608 0.01942855 0.016315   0.01576751 0.01362673 0.01359583]
 [0.49808729 0.         0.22667703 0.11984812 0.06656589 0.04125369
  0.03180791 0.02001223 0.01667898 0.01595381 0.0135206  0.01345797]
 [0.16141434 0.22667703 0.         0.40022849 0.12353992 0.0669301
  0.04559746 0.02433362 0.01987006 0.01849796 0.014931   0.0147775 ]
 [0.09451447 0.11984812 0.40022849 0.         0.14702891 0.06882341
  0.04224082 0.0202325  0.0163319  0.01498197 0.0117946  0.0116407 ]
 [0.05742879 0.06656589 0.12353992 0.14702891 0.         0.15621822
  0.05883543 0.02072282 0.01629487 0.01447582 0.01082701 0.01062709]
 [0.03670875 0.04125369 0.0669301  0.06882341 0.15621822 0.
  0.07128139 0.01767653 0.01360992 0.0117983  0.00850942 0.00832128]
 [0.02926608 0.03180791 0.04559746 0.04224082 0.05883543 0.07128139
  0.         0.0224959  0.01650262 0.01357741 0.00912322 0.00886076]
 [0.01942855 0.02001223 0.02433362 0.0202325  0.02072282 0.01767653
  0.0224959  0.         0.08665909 0.03516601 0.01435945 0.01345638]
 [0.016315   0.01667898 0.01987006 0.0163319  0.01629487 0.01360992
  0.01650262 0.08665909 0.         0.05090464 0.01504254 0.01388767]
 [0.01576751 0.01595381 0.01849796 0.01498197 0.01447582 0.0117983
  0.01357741 0.03516601 0.05090464 0.         0.02209147 0.01963363]
 [0.01362673 0.0135206  0.014931   0.0117946  0.01082701 0.00850942
  0.00912322 0.01435945 0.01504254 0.02209147 0.         0.15533062]
 [0.01359583 0.01345797 0.0147775  0.0116407  0.01062709 0.00832128
  0.00886076 0.01345638 0.01388767 0.01963363 0.15533062 0.        ]]

